-2.367707,
2.4463856,
2.995086,
-3.292,
0.90015674,
-0.70468044,
1.6564511,
-2.5462866,
-1.749862,
1.5311447,
1.0065556,
-0.10806288,
0.7799839,
0.22131822,
0.5371078,
-0.2993677,
4.6378517,
-2.3507836,
-4.4448895,
5.098049,
-1.9315718,
1.328547,
-0.9055866,
1.9506028,
4.2757134,
-2.9614918,
2.960289,
-2.3069117,
1.5945216,
-0.778431,
-1.4709661,
0.5248543,
1.1833417,
-4.429144,
2.2142465,
-0.3989973,
-2.7054381,
3.455523,
0.9122245,
-0.17134261,
3.7381778,
-1.9731954,
0.49328217,
-1.6347355,
-1.1161872,
0.40257213,
0.09255228,
0.020073574,
-7.569728,
4.7397127,
-1.7030098,
2.3714924,
-7.0183835,
7.12633,
2.5668745,
-1.9048699,
0.9068856,
-1.8522705,
0.06955012,
0.055519387,
-0.9218877,
0.07334598,
1.0605966,
0.9001159,
9.164033,
-10.07919,
1.3553478,
-0.6028797,
-0.10972772,
-0.3443465,
-3.863771,
5.7677298,
-1.7350564,
4.4390297,
-1.7400819,
-1.5831189,
-0.2693259,
-0.7428286,
-0.6858038,
0.29650518,
-0.8492137,
-0.78464335,
-3.1615524,
1.8761815,
-1.7519168,
2.4143403,
0.17045507,
-1.9447863,
-1.1475611,
1.021823,
-0.33262572,
2.334602,
0.107354015,
-1.1750509,
-1.6155896,
-1.0311319,
-2.9329357,
3.5155923,
1.1830127,
-0.52877015,
-0.8450275,
1.5722417,
1.3071991,
-3.4240832,
-0.87567276,
1.2758998,
-0.104128405,
-0.3684476,
-0.9922983,
0.2456815,
0.33968082,
0.7382667,
0.9798126,
0.036648847,
-0.2764376,
-1.1490332,
-0.7253888,
0.6546906,
1.2966114,
-3.7274885,
-1.9724039,
1.1502489,
-0.5740627,
0.8603591,
0.007957633,
1.0254321,
0.20581691,
-0.95778275,
-12.463127,
12.149835,
-2.1603422,
1.8661499,
-2.608712,
1.297374,
-2.4214852,
1.7535815,
3.916621,
-3.3153727,
-1.3759271,
1.8379855,
-0.371277,
-0.21470083,
-0.04298217,
-0.22535588,
-4.763326,
4.3715734,
1.158862,
-2.03602,
-3.7221174,
3.979488,
-0.8027174,
-0.08513046,
2.6295202,
-2.6414557,
0.10960112,
-0.72546387,
0.31652263,
0.057329092,
-0.54927117,
-0.775898,
6.8330135,
-8.180178,
-5.5423803,
5.436955,
2.0129979,
-1.5890857,
2.3845587,
-0.9256637,
2.4799128,
-0.9939338,
-0.2302309,
-0.8103116,
-2.3566864,
-1.7568299,
-0.85490584,
0.5894669,
1.4503762,
0.88570845,
0.82191354,
-2.6590784,
-2.0918148,
0.32382938,
0.25658074,
-0.37935495,
-1.1905947,
2.8392441,
-0.4104354,
-0.07285541,
0.30312577,
-0.4602334,
-0.8801223,
-1.1864456,
-6.1489286,
3.6797214,
-1.524063,
3.5923724,
-1.3029553,
1.7956312,
2.9510956,
-4.9311204,
-3.4117956,
0.85353345,
0.9472316,
-0.6096809,
0.89588535,
0.37169224,
0.14227869,
0.13157293,
2.48813,
-5.3593206,
-4.4219813,
3.1643827,
0.10806623,
1.1611888,
-3.461498,
2.5673194,
3.9149325,
-3.824033,
1.6478207,
-0.512458,
1.3906963,
-1.0963624,
-1.9827173,
-1.5783423,
3.2144494,
-5.862254,
-2.6174855,
3.9721835,
-1.9287403,
0.14818653,
-1.104818,
1.1083497,
-1.3114444,
0.7052547,
1.4119458,
0.0021195898,
-1.9174912,
0.5440695,
-0.2552628,
-1.3020241,
-3.3916137,
4.267166,
-1.7152613,
1.6441826,
2.2140276,
-1.8876804,
0.026221301,
0.32281286,
0.876639,
-1.6616455,
-0.12718885,
0.37832728,
1.3035693,
0.6468086,
0.94125766,
0.64338106,
0.690045,
-4.016837,
1.1090013,
0.98051584,
-2.3629365,
2.9934628,
-0.8975582,
0.9944411,
-2.0512946,
1.3372825,
-0.8682358,
1.0324961,
-1.2354691,
-2.2415414,
-0.9867908,
-0.63083035,
-2.7914803,
2.3465207,
3.3530803,
-1.1851398,
6.795517,
-7.4054723,
-0.8587154,
-1.4619031,
-0.8298385,
0.87324566,
-1.6055446,
0.97869056,
1.0136235,
1.4553168,
-1.0474675,
-0.50898904,
-2.882124,
3.8028538,
-0.95158595,
0.44666588,
5.3855867,
-5.786523,
3.7766829,
-2.6685863,
-5.801033,
6.409292,
-1.4927962,
-0.4142473,
1.3375797,
0.84759486,
-0.4303395,
0.43596557,
2.4309852,
-4.3495417,
-2.088882,
2.5823877,
-0.6670482,
0.06680502,
1.3815279,
-2.2411077,
-0.099219546,
0.5353841,
1.4263235,
-1.3737838,
-0.5629178,
0.48254296,
0.20892383,
-0.969193,
